NN_WEIGHTS_V1
arch=2,8,2
activations=relu
task=multiclass
labels=A,B
linear in=2 out=8
weights=-4.0106277 0.7200631 -1.469808 -0.8683343 -0.50942826 1.2863688 -1.105626 -0.20496717 -0.11879782 -1.2494496 -2.2765052 -0.63429075 -0.95191336 1.1818272 0.8803254 -0.5416889
bias=0 0.4369629 0 0 0 -0.5210904 0.20687957 0
linear in=8 out=2
weights=0.50216854 -0.032453757 0.021487733 -0.7848624 0.65882736 0.077508375 0.28985366 -0.53904426 0.45588523 -0.9714068 -1.1815583 1.0347098 0.1628541 -0.67722 0.5020075 -0.25541773
bias=0.57282805 -0.57282805
